FIFO 12 834306681
RR 12 887986981 
OTHER 25 456923719
 0 1 1
 RR 13 362954049 
FIFO 13 382649609
OTHER 25 642936096
 0 10 10
 RR 13 679593842 
FIFO 13 689879938
OTHER 26 712091898
 0 20 20
 FIFO 13 803419879
RR 13 833568201 
OTHER 27 332772091
 0 30 30
 RR 13 135424661 
FIFO 13 81355656
OTHER 26 370459518
 0 40 40
 FIFO 13 373068723
RR 13 431814265 
OTHER 27 428362087
 0 50 50
 RR 12 869394002 
FIFO 13 8274193
OTHER 25 229719163
 0 60 60
 FIFO 13 182623511
RR 13 255028444 
OTHER 25 273631483
 0 70 70
 RR 13 80405442 
FIFO 13 124195567
OTHER 26 506715612
 0 80 80
 FIFO 13 155244966
RR 13 223558150 
OTHER 26 669438590
 0 99 99
 